-1 -1 -1 -1 -1 -1 -1 -1 -1 -1 -1 -1 -1 -1 -1 -1 -1 -1 -1 -1 -1 -1 -1 -1 
-1 -1 -1 -1 -1 -1 -1 -1 -1 -1 -1 -1 -1 -1 -1 -1 -1 -1 -1 -1 -1 -1 -1 -1 
-1 -1 -1 -1 -1 -1 -1 -1 -1 -1 -1 -1 -1 -1 -1 -1 -1 -1 -1 -1 -1 -1 -1 -1 
-1 -1 -1 -1 -1 -1 -1 -1 -1 -1 -1 -1 -1 -1 -1 -1 -1 -1 -1 -1 -1 -1 -1 -1 
-1 -1 -1 -1 -1 -1 -1 -1 -1 -1 -1 -1 -1 -1 -1 -1 -1 -1 -1 -1 -1 -1 -1 -1 
-1 -1 -1 -1 -1 -1 -1 -1 -1 -1 -1 -1 -1 -1 -1 -1 -1 -1 -1 -1 -1 -1 -1 -1 
-1 -1 -1 -1 -1 -1 -1 -1 -1 -1 -1 -1 -1 -1 -1 -1 -1 -1 -1 -1 -1 -1 -1 -1 
-1 -1 -1 -1 -1 -1 -1 -1 -1 -1 -1 -1 -1 -1 -1 -1 -1 -1 -1 -1 -1 -1 -1 -1 
-1 -1 -1 -1 -1 -1 -1 -1 -1 -1 -1 -1 -1 -1 -1 -1 -1 -1 -1 -1 -1 -1 -1 -1 
-1 -1 -1 -1 -1 -1 -1 -1 -1 -1 -1 -1 -1 -1 -1 -1 -1 -1 -1 -1 -1 -1 -1 -1 
-1 -1 -1 -1 -1 -1 -1 -1 -1 -1 -1 -1 -1 -1 -1 -1 -1 -1 -1 -1 -1 -1 -1 -1 
-1 -1 -1 -1 -1 -1 -1 -1 -1 -1 -1 -1 -1 -1 -1 -1 -1 -1 -1 -1 -1 -1 -1 -1 
-1 -1 -1 -1 -1 -1 -1 -1 -1 -1 -1 -1 -1 -1 -1 -1 -1 -1 -1 -1 -1 -1 -1 -1 
-1 -1 -1 -1 -1 -1 -1 -1 -1 -1 -1 -1 -1 -1 -1 -1 -1 -1 -1 -1 -1 -1 -1 -1 
-1 -1 -1 -1 -1 -1 -1 -1 -1 -1 -1 -1 -1 -1 -1 -1 -1 -1 -1 -1 -1 -1 -1 -1 
-1 -1 -1 -1 -1 -1 -1 -1 -1 -1 -1 -1 -1 -1 -1 -1 -1 -1 -1 -1 -1 -1 -1 -1 
-1 -1 -1 -1 -1 -1 -1 -1 -1 -1 -1 -1 -1 -1 -1 -1 -1 -1 -1 -1 -1 -1 -1 -1 
-1 -1 -1 -1 -1 -1 -1 -1 -1 -1 -1 -1 -1 -1 -1 -1 -1 -1 -1 -1 -1 -1 -1 -1 
-1 -1 -1 -1 -1 -1 -1 -1 -1 -1 -1 -1 -1 -1 -1 -1 -1 -1 -1 -1 -1 -1 -1 -1 
-1 -1 -1 -1 -1 -1 -1 -1 -1 -1 -1 -1 -1 -1 -1 -1 -1 -1 -1 -1 -1 -1 -1 -1 
-1 -1 -1 -1 -1 -1 -1 -1 -1 -1 -1 -1 -1 -1 -1 -1 -1 -1 -1 -1 -1 -1 -1 -1 
-1 -1 -1 -1 -1 -1 -1 -1 -1 -1 -1 -1 -1 -1 -1 -1 -1 -1 -1 -1 -1 -1 -1 -1 
-1 -1 -1 -1 -1 -1 -1 -1 -1 -1 -1 -1 -1 -1 -1 -1 -1 -1 -1 -1 -1 -1 -1 -1 
-1 -1 -1 -1 -1 -1 -1 -1 -1 -1 -1 -1 -1 -1 -1 -1 -1 -1 -1 -1 -1 -1 -1 -1 
-1 -1 -1 -1 -1 -1 -1 -1 -1 -1 -1 -1 -1 -1 -1 -1 -1 -1 -1 -1 -1 -1 -1 -1 
-1 -1 -1 -1 -1 -1 -1 -1 -1 -1 -1 -1 -1 -1 -1 -1 -1 -1 -1 -1 -1 -1 -1 -1 
-1 -1 -1 -1 -1 -1 -1 -1 -1 -1 -1 -1 -1 -1 -1 -1 -1 -1 -1 -1 -1 -1 -1 -1 
-1 -1 -1 -1 -1 -1 -1 -1 -1 -1 -1 -1 -1 -1 -1 -1 -1 -1 -1 -1 -1 -1 -1 -1 
-1 -1 -1 -1 -1 -1 -1 -1 -1 -1 -1 -1 -1 -1 -1 -1 -1 -1 -1 -1 -1 -1 -1 -1 
-1 -1 -1 -1 -1 -1 -1 -1 -1 -1 -1 -1 -1 -1 -1 -1 -1 -1 -1 -1 -1 -1 -1 -1 
-1 -1 -1 -1 -1 -1 -1 -1 -1 -1 -1 -1 -1 -1 -1 -1 -1 -1 -1 -1 -1 -1 -1 -1 
-1 -1 -1 -1 -1 -1 -1 -1 -1 -1 -1 -1 -1 -1 -1 -1 -1 -1 -1 -1 -1 -1 -1 -1 
-1 -1 -1 -1 -1 -1 -1 -1 -1 -1 -1 -1 -1 -1 -1 -1 -1 -1 -1 -1 -1 -1 -1 -1 
-1 -1 -1 -1 -1 -1 -1 -1 -1 -1 -1 -1 -1 -1 -1 -1 -1 -1 -1 -1 -1 -1 -1 -1 
-1 -1 -1 -1 -1 -1 -1 -1 -1 -1 -1 -1 -1 -1 -1 -1 -1 -1 -1 -1 -1 -1 -1 -1 
-1 -1 -1 -1 -1 -1 -1 -1 -1 -1 -1 -1 -1 -1 -1 -1 -1 -1 -1 -1 -1 -1 -1 -1 
-1 -1 -1 -1 -1 -1 -1 -1 -1 -1 -1 -1 -1 -1 -1 -1 -1 -1 -1 -1 -1 -1 -1 -1 
1299 139 749 255 1556 346 725 719 1729 411 1006 940 1277 904 985 941 1350 1428 1049 1515 1423 1879 1141 1938 
964 275 622 299 1020 564 550 632 1068 805 523 908 937 879 722 904 929 1344 718 1338 977 1797 771 1816 
877 357 630 357 968 586 558 623 1008 799 518 840 877 829 695 818 911 1287 685 1302 941 1782 732 1810 
838 397 612 401 916 598 572 639 951 784 549 835 815 825 655 816 819 1320 599 1328 869 1792 669 1823 
777 446 528 544 838 635 465 730 844 723 508 846 749 936 563 954 761 1429 569 1418 774 1898 609 1912 
830 675 533 722 844 900 471 885 826 977 523 929 779 1027 573 1041 799 1527 561 1529 803 1983 598 2001 
782 978 506 979 750 799 459 882 734 735 533 734 720 1154 542 1145 834 1014 518 949 738 872 659 800 
781 890 511 896 784 716 487 821 729 419 557 524 761 1222 618 1232 781 916 563 890 644 685 658 679 
790 770 534 795 742 572 485 670 680 447 583 477 759 1168 642 1184 727 961 570 942 657 768 600 752 
708 749 650 742 674 576 583 647 669 467 587 544 731 1183 671 1189 742 1068 601 1072 688 1035 623 1095 
747 731 601 776 724 584 506 780 706 459 558 619 771 1154 614 1160 776 1553 574 1545 751 1956 581 1977 
787 747 572 797 804 589 459 770 733 463 514 644 790 1144 613 1154 753 1477 568 1467 763 1780 549 1809 
808 723 548 774 831 637 464 828 742 468 500 743 799 1144 592 1145 779 1566 568 1561 773 1985 565 1992 
816 715 553 769 842 661 461 829 743 476 506 773 803 1117 600 1116 785 1522 578 1515 777 1936 585 1943 
821 757 520 843 849 646 420 861 732 470 467 785 783 1141 557 1140 754 1576 520 1570 746 1991 524 1999 
822 746 529 821 849 657 437 932 731 470 473 940 789 1148 574 1152 765 1579 544 1568 757 1967 554 1977 
797 801 511 867 847 658 411 914 728 476 425 860 763 1143 566 1148 741 1514 541 1504 762 1836 546 1859 
804 789 508 848 886 684 424 951 723 484 448 905 769 1203 560 1211 748 1623 539 1621 750 2026 550 2030 
807 748 516 788 872 678 429 939 727 486 468 919 774 1193 563 1191 749 1606 532 1601 737 2007 536 2012 
804 701 514 748 860 678 433 924 730 518 474 893 775 1157 559 1161 747 1563 526 1559 732 1947 535 1952 
798 675 555 710 843 707 499 913 712 585 538 904 770 1161 567 1159 746 1568 538 1562 730 1961 540 1964 
760 571 583 638 766 672 539 816 648 592 541 814 744 1073 586 1103 716 1493 545 1507 709 1861 561 1882 
624 592 749 618 519 678 781 770 501 655 766 740 697 1064 707 1092 713 1474 625 1496 713 1856 636 1878 
634 719 572 701 737 719 530 796 664 626 603 757 713 1130 571 1128 715 1513 555 1521 717 1881 590 1891 
552 1024 559 1021 633 840 666 802 647 679 707 578 561 1262 559 1269 600 1024 556 1060 554 856 590 865 
597 1058 523 1069 685 969 559 1032 655 853 542 895 632 1293 563 1299 645 1105 562 1131 615 1043 612 1047 
734 935 609 1002 691 731 584 963 660 678 549 947 725 1250 653 1255 740 1230 637 1249 687 1354 671 1324 
-1 -1 -1 -1 -1 -1 -1 -1 -1 -1 -1 -1 -1 -1 -1 -1 -1 -1 -1 -1 -1 -1 -1 -1 
662 483 557 492 676 383 529 396 648 280 548 299 663 684 594 693 644 848 614 856 633 990 621 998 
659 482 560 487 665 388 546 396 625 297 584 301 656 685 588 693 644 845 610 853 635 988 620 998 
658 482 563 486 653 396 560 397 619 306 596 303 655 685 588 693 645 841 608 850 640 988 620 997 
660 482 566 486 657 398 566 398 621 310 598 307 656 685 588 693 646 832 607 843 640 987 620 995 
669 484 571 487 658 401 571 399 624 311 601 309 661 689 591 693 647 834 607 842 640 985 620 992 
676 485 576 488 664 403 574 401 624 314 606 312 665 692 593 695 650 834 607 840 641 983 619 990 
675 485 579 488 664 403 576 401 626 315 610 312 666 694 595 696 651 837 607 841 640 987 619 996 
669 485 578 488 661 403 577 402 626 316 609 312 664 694 595 697 651 843 606 845 641 987 619 999 
662 487 576 488 654 404 576 403 623 315 606 312 661 694 593 697 651 840 606 844 640 986 620 999 
659 487 576 490 652 404 575 405 622 314 604 311 659 694 592 697 647 843 606 846 639 989 621 1004 
658 488 576 490 652 404 573 402 618 313 602 309 653 694 589 696 643 841 605 846 637 989 622 1003 
657 488 575 490 651 404 573 402 613 312 592 306 649 694 589 696 642 841 606 845 633 989 622 1002 
655 489 573 493 651 405 556 412 614 312 551 321 649 694 589 697 640 843 606 847 632 991 622 1003 
661 488 573 497 652 405 538 486 615 312 530 469 650 694 589 697 638 843 605 847 631 991 622 1003 
661 488 566 507 652 405 518 570 616 312 534 627 651 696 589 699 639 842 607 847 630 991 623 1004 
661 489 562 517 655 405 529 623 623 312 539 639 651 695 589 699 638 846 608 850 630 997 623 1006 
663 489 563 518 658 404 530 622 623 311 531 562 652 695 589 698 639 843 608 849 630 995 624 1004 
668 488 563 516 663 404 486 555 622 312 518 510 652 695 590 698 639 843 608 848 630 994 625 1004 
667 488 561 509 665 405 499 434 622 317 566 345 653 695 590 698 639 841 608 846 630 992 625 1002 
662 488 561 499 665 405 529 398 623 318 597 313 653 693 588 697 639 837 606 843 630 990 625 1000 
655 488 562 491 665 404 552 392 631 315 614 306 648 693 584 696 637 838 605 843 630 989 624 999 
654 489 562 488 676 413 557 395 664 326 607 312 647 693 583 697 637 839 603 844 629 990 623 999 
576 490 655 496 574 412 636 434 606 327 625 374 595 701 634 701 612 844 626 845 623 992 627 995 
623 501 600 492 685 578 597 401 691 660 622 317 603 700 600 701 613 844 616 844 624 993 620 994 
649 501 577 491 734 564 557 402 707 639 594 315 615 700 589 700 614 845 606 842 624 994 616 994 
658 500 574 492 742 514 551 406 726 498 580 314 624 700 588 700 626 845 607 842 626 988 616 993 
660 496 568 492 729 440 550 401 699 367 579 313 644 699 588 700 636 846 605 844 627 986 617 995 
660 494 568 492 716 411 558 400 649 314 587 308 652 699 589 699 640 846 605 844 627 986 617 995 
664 490 569 490 700 403 564 402 618 309 587 307 656 698 590 699 642 846 606 845 627 986 616 995 
667 490 569 494 683 404 563 423 616 315 577 314 660 698 593 699 643 847 607 845 627 988 616 996 
670 490 574 501 675 404 558 513 621 315 559 489 660 697 593 696 643 845 609 844 627 987 617 992 
670 490 572 511 677 403 518 586 628 315 542 631 663 697 597 696 645 844 615 844 627 984 618 998 
670 491 570 515 677 401 526 609 628 310 552 614 662 696 597 696 645 842 614 844 627 982 619 997 
675 490 570 516 677 400 523 600 629 307 522 531 662 696 595 696 645 843 612 844 628 985 619 997 
682 490 569 517 678 400 492 558 632 307 523 472 661 697 595 697 643 843 612 844 628 988 619 997 
680 489 566 504 675 401 506 429 630 306 559 337 661 696 593 697 643 844 612 844 628 989 619 997 
679 488 567 497 669 398 540 401 625 306 588 309 660 695 592 697 643 844 611 844 627 989 619 999 
678 487 568 491 660 400 560 393 625 306 603 301 659 694 590 697 642 844 609 845 627 991 619 999 
678 487 569 487 662 408 565 395 631 331 602 310 657 695 588 698 641 850 609 848 626 992 618 999 
660 496 576 487 661 560 566 396 643 607 596 304 642 695 588 698 638 848 605 846 626 993 617 999 
659 503 568 488 693 590 560 395 681 680 589 301 642 695 582 698 637 843 601 846 627 991 617 998 
660 502 565 488 734 571 547 401 698 652 567 309 638 697 574 700 634 848 593 846 627 997 611 997 
657 501 566 488 731 473 544 404 714 451 561 312 635 697 576 700 633 850 593 847 627 996 613 996 
658 499 562 488 726 427 542 401 695 343 563 309 640 698 577 700 634 851 594 848 627 996 614 998 
658 498 563 491 716 408 542 400 652 309 578 309 647 698 580 700 634 851 601 849 627 996 616 1000 
659 497 562 492 694 405 543 399 635 309 586 309 651 698 582 699 636 851 601 848 627 995 617 999 
659 496 562 494 685 403 543 400 629 308 587 309 651 698 582 698 637 849 601 846 627 989 617 994 
659 495 562 494 682 402 543 399 628 307 589 308 651 698 582 698 638 848 600 845 627 987 617 994 
659 494 562 493 681 403 547 395 637 299 588 298 651 697 582 698 638 848 599 845 628 988 616 994 
657 493 563 492 683 401 547 396 688 297 533 298 651 697 583 698 638 848 599 845 628 988 618 994 
663 491 561 489 712 407 509 409 764 316 444 330 651 698 583 698 638 848 599 845 628 988 617 995 
670 482 560 489 752 437 479 469 815 411 391 448 651 698 583 697 638 852 599 846 628 991 617 997 
672 484 560 496 751 513 486 543 800 578 433 597 652 700 584 700 638 853 600 847 629 995 616 997 
672 499 559 512 741 587 495 610 696 597 535 591 652 702 584 702 639 855 599 853 632 995 616 999 
673 500 564 514 735 553 498 572 656 495 546 496 651 706 584 708 639 859 600 859 632 995 615 998 
671 500 559 511 726 447 501 463 646 380 571 374 651 704 582 707 640 859 600 859 633 995 616 999 
668 496 559 505 688 408 536 406 630 322 596 320 650 697 581 700 641 854 599 858 633 995 616 999 
662 490 559 501 658 402 559 403 627 316 604 311 648 692 581 695 641 849 599 854 633 986 616 994 
659 489 559 498 655 402 564 400 625 310 604 309 648 691 581 695 641 846 600 853 633 982 616 994 
659 488 559 496 659 401 565 400 624 309 604 307 649 691 581 693 641 843 600 851 633 977 616 990 
661 487 563 495 666 405 568 399 626 311 606 309 652 691 585 693 643 843 603 851 632 979 616 993 
668 486 565 495 670 405 568 400 629 310 610 311 655 691 585 693 645 841 596 843 635 979 612 977 
677 486 570 495 673 406 570 401 632 312 612 312 659 692 586 692 647 842 586 805 638 992 595 848 
682 486 574 494 677 408 570 400 636 313 612 312 659 693 586 690 648 846 553 752 638 1001 560 849 
685 486 577 493 682 409 571 398 638 314 613 311 661 693 586 690 648 837 533 784 637 1000 534 887 
687 486 578 494 684 409 571 400 635 314 610 309 665 694 586 690 648 838 549 819 636 999 537 969 
686 486 577 495 684 407 569 401 629 313 606 310 665 694 589 690 648 846 576 841 636 998 573 997 
676 486 576 495 667 404 568 401 623 313 606 311 665 694 591 691 648 846 597 847 635 997 603 998 
667 485 570 495 659 402 561 402 617 311 600 311 664 694 591 691 648 846 602 846 634 996 610 997 
662 485 566 496 657 401 552 403 614 311 594 313 661 693 590 691 647 845 602 845 633 991 613 991 
655 486 556 496 651 402 545 403 607 312 586 313 655 693 584 694 647 849 599 852 636 991 611 994 
648 485 546 494 647 402 537 400 605 312 580 312 649 692 574 697 675 816 599 853 711 925 613 998 
642 484 538 491 641 402 531 398 602 310 577 308 643 689 573 701 712 772 598 861 801 859 611 1010 
639 482 537 489 642 401 529 396 600 306 573 305 645 681 574 703 730 735 598 858 761 813 614 1010 
640 481 538 488 644 401 531 394 601 305 573 304 646 678 575 703 721 745 600 842 729 821 618 1006 
643 480 541 486 644 400 533 394 603 305 573 303 646 679 575 702 709 801 600 848 715 918 618 1007 
647 481 545 487 648 401 534 395 604 306 574 304 647 683 575 702 663 835 599 848 657 984 617 1005 
656 483 550 490 655 401 535 397 607 307 577 305 650 688 577 702 652 843 600 849 645 988 616 1004 
662 484 554 494 658 401 536 400 607 307 578 307 652 690 580 702 648 846 600 849 639 992 617 1003 
662 485 554 494 658 402 536 400 607 308 579 307 650 693 580 702 649 851 600 852 641 991 617 1002 
655 485 554 493 653 402 537 400 604 309 579 307 650 693 580 702 651 833 599 852 644 951 614 1000 
646 486 548 493 649 402 535 399 602 309 577 307 649 685 579 701 671 739 599 848 672 827 615 1000 
641 486 543 491 647 402 533 396 600 309 575 307 648 677 578 701 711 727 598 847 755 759 618 1003 
634 485 537 487 641 403 530 394 600 311 575 307 640 676 574 701 720 746 598 847 866 827 617 1004 
633 485 537 487 632 402 527 395 595 311 572 307 640 677 575 698 677 815 598 847 742 941 615 1001 
636 485 538 491 635 402 528 397 593 312 568 308 642 681 577 698 651 837 602 849 647 985 616 1001 
646 485 543 493 637 402 531 400 593 312 569 309 645 684 579 698 643 839 602 849 637 984 617 1001 
653 487 547 494 644 405 535 402 602 313 575 311 646 689 579 699 640 840 601 848 634 990 617 997 
659 487 551 495 645 405 536 403 602 316 575 314 646 690 579 699 638 840 601 848 634 988 617 997 
659 488 553 496 647 408 537 406 602 317 575 315 646 693 579 699 638 847 602 849 635 991 618 998 
657 488 553 497 649 408 537 406 601 317 574 315 645 695 578 700 641 842 602 851 628 977 616 1001 
653 485 551 496 647 407 536 402 599 317 573 314 643 690 576 699 643 826 602 852 636 762 616 1001 
642 485 546 492 641 406 534 397 599 315 573 310 637 684 574 699 665 788 602 853 740 798 616 1005 
635 485 539 489 637 406 532 396 599 314 573 309 632 683 570 698 684 795 597 853 816 878 612 1005 
633 485 539 489 631 405 529 396 597 314 572 309 633 684 570 698 679 829 596 855 749 968 612 1006 
635 486 539 494 633 405 524 400 592 314 567 310 638 687 570 698 659 843 595 854 658 986 613 1004 
642 487 542 497 634 405 525 404 592 314 566 311 641 689 573 698 644 848 597 853 637 994 614 1003 
648 488 548 497 640 406 532 405 594 314 572 311 642 690 576 698 641 849 602 853 632 995 616 1003 
654 489 552 497 647 407 536 406 601 314 576 312 644 690 577 698 639 846 602 850 629 987 617 1002 
657 490 554 497 654 408 539 406 608 314 580 312 645 692 577 698 638 846 602 848 630 987 617 999 
660 491 556 497 659 408 542 406 611 314 584 313 646 695 578 698 639 848 602 848 629 991 615 999 
659 491 558 497 659 408 545 406 610 315 587 313 646 696 579 698 639 850 602 850 629 992 614 999 
659 491 559 497 661 410 548 406 612 315 589 313 646 697 579 698 638 849 604 849 625 990 614 1000 
661 491 559 498 661 411 549 406 613 315 588 313 646 697 580 698 639 848 604 848 624 990 613 1000 
660 490 558 498 662 410 548 406 613 315 588 312 649 698 581 699 639 848 603 849 625 992 613 1000 
661 489 558 498 662 410 548 406 613 315 587 312 651 699 583 700 639 847 605 849 625 990 614 1000 
661 489 558 497 663 409 549 405 617 314 591 312 652 699 583 701 640 849 601 849 627 992 613 999 
660 488 558 496 666 407 553 403 625 312 598 311 654 699 584 701 640 848 601 849 628 991 613 997 
660 487 558 495 669 407 553 401 628 311 600 311 655 697 585 698 640 847 601 847 629 990 613 996 
661 487 559 495 671 406 553 401 627 311 599 310 655 696 585 698 640 847 601 846 629 990 613 995 
664 488 560 495 672 407 553 402 625 311 598 310 653 698 584 699 640 847 600 846 629 990 612 995 
665 490 561 496 673 410 553 405 621 319 597 314 653 704 584 705 639 848 600 847 628 990 610 995 
665 491 561 502 672 415 552 417 621 333 595 328 653 707 584 707 639 850 600 847 628 990 609 995 
664 491 561 503 670 415 549 419 617 336 591 335 653 707 584 707 639 847 599 845 628 990 610 995 
660 495 561 505 667 416 549 419 616 334 591 333 653 706 584 707 640 850 599 849 629 991 610 998 
660 498 561 506 676 417 541 421 617 336 591 336 652 706 584 706 640 851 599 849 628 992 609 998 
662 498 561 505 688 414 538 420 617 335 591 334 651 703 584 701 640 851 599 850 629 993 609 1000 
666 495 562 502 688 408 540 410 616 329 594 327 653 699 585 698 640 849 600 848 628 992 610 1000 
670 491 565 497 685 404 548 401 617 317 598 314 654 698 585 696 640 849 600 848 628 993 611 1001 
672 489 565 496 684 405 557 400 625 315 599 311 655 698 586 696 640 848 602 848 628 992 611 1001 
672 491 565 496 683 410 560 402 625 316 602 312 654 700 585 699 640 847 602 847 627 992 610 999 
671 492 566 495 683 415 563 407 627 322 604 318 653 700 585 699 640 842 603 842 626 989 610 998 
670 492 566 495 679 419 564 408 627 329 604 323 652 700 584 699 640 840 603 840 626 985 611 995 
670 496 567 497 676 422 566 413 626 332 605 329 652 700 584 699 640 840 603 841 626 985 611 995 
668 499 568 498 674 422 566 413 626 333 605 330 651 700 584 699 640 840 603 841 626 985 612 995 
665 501 567 500 674 422 566 413 626 333 605 329 651 700 584 699 640 841 600 842 627 987 612 995 
665 500 566 501 675 419 558 412 625 327 601 325 651 700 584 699 640 842 600 846 628 987 612 997 
665 496 564 502 675 411 550 409 622 321 594 321 652 698 584 698 641 845 599 847 629 991 612 999 
665 493 564 502 673 406 548 407 619 316 590 319 653 698 585 698 641 846 599 849 628 990 612 999 
665 489 563 501 671 403 545 405 619 313 587 316 654 697 586 698 641 846 600 849 628 990 612 999 
664 488 562 501 671 403 545 403 618 311 586 313 654 697 587 698 641 848 603 852 628 990 612 1002 
664 487 562 499 670 403 546 399 618 308 587 310 654 697 587 698 642 848 603 852 628 990 612 1002 
664 487 562 496 670 402 549 396 622 308 590 306 654 697 587 699 643 850 603 852 628 994 612 1002 
654 487 562 494 670 403 562 397 637 309 598 307 656 698 591 701 650 853 603 856 632 995 607 1002 
643 488 569 493 657 406 585 401 671 330 615 308 652 703 599 705 650 857 623 858 629 995 586 1005 
632 489 578 492 667 431 601 416 659 354 627 331 636 703 599 705 647 862 619 865 627 998 578 1017 
638 481 592 483 644 429 602 425 658 350 632 340 635 702 602 703 628 864 618 865 605 1003 582 1018 
625 478 596 474 630 426 622 424 657 345 636 339 627 702 603 702 614 863 616 864 586 1002 582 1019 
608 478 608 473 613 425 648 422 657 344 639 349 617 702 611 702 602 862 607 861 578 1002 579 1019 
615 479 601 474 624 424 634 419 660 351 658 349 618 697 610 702 606 772 597 861 578 861 576 1019 
613 479 597 480 631 422 628 418 687 357 688 344 591 699 582 702 580 836 579 863 572 976 575 1021 
614 485 605 489 648 422 646 420 703 360 704 348 598 708 586 702 577 853 598 733 572 994 653 790 
612 489 592 489 654 422 639 424 714 359 714 347 575 709 551 706 577 857 575 831 573 998 599 984 
610 493 586 489 651 432 633 431 704 370 711 348 583 705 560 702 583 856 578 843 566 997 578 1005 
612 499 570 489 659 431 628 430 706 378 706 350 585 706 567 703 589 855 584 853 572 995 579 1011 
589 501 568 493 651 430 614 429 699 372 696 349 591 706 575 705 600 856 599 860 574 994 578 1015 
595 504 566 495 631 432 592 428 660 370 638 337 593 710 580 709 600 863 599 870 575 1000 577 1025 
598 507 568 495 629 454 592 408 662 401 611 311 595 709 580 709 600 862 598 868 575 1005 577 1026 
593 507 587 495 617 450 598 411 654 394 622 321 591 709 581 709 589 864 588 870 575 1011 576 1028 
595 487 620 487 606 424 610 411 644 339 632 321 590 709 598 708 581 863 578 868 572 1010 576 1025 
618 481 626 485 605 401 638 412 656 354 659 349 603 707 600 708 617 762 582 787 601 780 635 863 
652 482 749 486 561 404 698 436 664 371 680 366 646 707 706 708 632 802 654 811 583 968 601 955 
655 474 677 482 596 401 666 434 675 365 686 361 634 692 654 702 599 834 598 831 576 984 583 1000 
-1 -1 -1 -1 -1 -1 -1 -1 -1 -1 -1 -1 -1 -1 -1 -1 -1 -1 -1 -1 -1 -1 -1 -1 
-1 -1 -1 -1 -1 -1 -1 -1 -1 -1 -1 -1 -1 -1 -1 -1 -1 -1 -1 -1 -1 -1 -1 -1 
674 461 652 483 658 416 656 436 668 343 665 327 757 624 753 640 670 694 674 717 637 867 620 884 
677 460 646 500 645 403 647 467 664 331 667 348 757 624 742 670 708 510 649 789 720 559 583 994 
677 458 631 498 652 386 628 459 663 323 657 344 746 616 723 667 723 491 624 823 750 537 580 1008 
677 458 627 493 666 391 634 446 658 329 667 340 742 610 712 662 742 439 603 819 777 477 579 1012 
691 456 607 480 711 430 619 428 715 417 663 316 744 603 695 660 753 423 606 800 766 469 578 1007 
690 463 593 480 729 440 604 411 708 406 638 315 738 606 687 659 748 426 598 820 738 468 578 1011 
693 466 605 483 709 419 611 404 700 394 633 316 738 618 696 675 752 435 596 828 727 414 578 1013 
661 482 604 471 702 446 632 381 706 398 654 291 715 632 689 671 740 476 596 831 769 481 577 1012 
670 467 605 483 728 441 656 485 643 459 682 425 735 630 692 668 764 493 602 742 762 659 576 999 
609 490 589 489 652 430 669 519 655 379 759 510 646 684 613 695 614 838 592 846 597 987 578 1017 
595 490 577 496 635 428 578 587 660 346 671 609 615 691 595 696 592 853 585 860 581 1000 578 1017 
611 497 574 503 634 426 529 578 672 344 592 539 612 705 586 708 596 857 587 865 580 995 579 1019 
597 498 566 501 638 426 567 477 677 345 603 502 613 708 577 712 593 861 584 869 587 994 579 1019 
602 498 572 501 639 416 573 441 677 327 588 374 608 708 584 711 596 860 588 867 585 996 580 1020 
601 499 576 500 622 416 582 409 664 329 603 331 608 708 591 709 595 865 590 869 582 1008 580 1022 
606 486 609 486 629 394 668 410 622 331 706 364 620 703 606 705 597 857 591 858 579 1008 615 938 
592 489 601 490 604 400 662 413 616 325 701 398 600 709 589 712 590 871 588 875 578 1013 595 1014 
610 490 601 489 612 405 661 422 628 327 647 350 611 705 595 708 592 853 589 869 572 992 588 1025 
612 493 601 488 613 428 650 428 635 381 647 360 600 702 591 708 593 849 590 864 563 978 579 1021 
593 495 590 488 616 455 643 421 652 394 647 341 594 703 583 707 590 854 589 864 561 990 576 1020 
593 493 586 488 620 446 640 422 656 382 648 349 596 704 586 706 587 854 590 865 556 983 576 1025 
582 492 587 483 608 442 636 400 650 377 648 331 586 705 584 707 583 860 590 868 557 992 577 1026 
578 489 585 484 602 412 630 405 622 329 643 315 584 705 581 708 586 858 590 867 554 987 577 1024 
582 489 582 483 606 414 620 401 623 368 635 304 587 708 580 710 586 864 590 871 558 996 577 1025 
586 489 583 484 608 407 618 400 630 333 636 303 591 709 580 711 588 861 589 869 558 993 575 1024 
588 481 585 478 609 409 618 406 634 339 637 312 592 708 580 711 589 860 588 869 559 996 573 1023 
605 482 572 484 640 427 618 451 660 376 640 360 596 711 579 714 590 862 588 870 560 996 572 1023 
628 495 568 503 653 551 618 574 680 496 673 501 600 715 578 716 591 862 588 870 561 993 573 1022 
635 518 569 510 649 613 565 627 679 654 649 683 609 719 579 720 597 864 592 876 563 1002 573 1027 
651 521 568 507 646 620 526 614 668 709 534 720 609 718 573 719 600 862 601 867 570 999 576 1019 
678 524 567 505 658 625 513 604 667 714 488 705 620 717 569 719 603 862 610 864 586 1000 599 1019 
693 530 568 504 698 634 521 604 693 729 484 704 639 722 572 718 608 866 617 865 585 997 621 1035 
707 530 571 510 726 633 530 623 738 735 506 731 651 731 576 723 608 876 625 873 572 992 635 1051 
715 527 576 509 732 622 541 639 770 720 537 760 671 733 600 732 634 881 643 900 594 991 651 1080 
723 503 579 495 743 610 548 633 781 713 563 753 689 731 613 732 694 901 646 932 636 1000 657 1084 
744 480 590 473 763 606 549 614 793 727 593 724 719 730 628 730 727 923 652 932 689 1065 658 1077 
777 473 609 462 796 611 560 610 814 744 611 709 741 732 638 733 750 946 661 944 761 1094 664 1079 
816 475 631 451 836 627 579 612 853 779 617 732 771 735 659 738 782 956 673 950 779 1080 674 1081 
866 458 653 428 887 625 596 610 918 801 609 766 803 729 680 733 807 955 688 990 804 1114 698 1093 
916 417 672 398 958 616 612 598 1007 774 577 761 843 722 704 720 831 987 723 976 815 1115 740 1140 
954 393 691 383 1014 604 625 586 1082 747 570 755 877 722 729 719 861 1009 753 997 829 1124 769 1165 
1025 372 716 380 1083 602 654 600 1131 756 573 817 943 728 783 728 922 1033 803 1038 932 1240 814 1242 
1079 301 747 333 1174 544 690 624 1204 763 610 935 1034 694 858 703 1136 938 864 997 1090 1113 869 1142 
1136 216 768 274 1233 476 691 645 1280 761 707 972 1068 659 875 683 1158 918 910 997 1070 1023 913 1065 
-1 -1 -1 -1 -1 -1 -1 -1 -1 -1 -1 -1 -1 -1 -1 -1 -1 -1 -1 -1 -1 -1 -1 -1 
-1 -1 -1 -1 -1 -1 -1 -1 -1 -1 -1 -1 -1 -1 -1 -1 -1 -1 -1 -1 -1 -1 -1 -1 
-1 -1 -1 -1 -1 -1 -1 -1 -1 -1 -1 -1 -1 -1 -1 -1 -1 -1 -1 -1 -1 -1 -1 -1 
-1 -1 -1 -1 -1 -1 -1 -1 -1 -1 -1 -1 -1 -1 -1 -1 -1 -1 -1 -1 -1 -1 -1 -1 
-1 -1 -1 -1 -1 -1 -1 -1 -1 -1 -1 -1 -1 -1 -1 -1 -1 -1 -1 -1 -1 -1 -1 -1 
